#Name, Pixels, Particles, Locality, RunTime, Frame Mean, STDEV, Graph, STDEV, Compute, STDEV, Compute2, STDEV
MEM_MQUEUE, 1048576, 65536, 8, 20742.4, 20.7217, 0.264872, 0.158997, 0.0356742, 19.1387, 0.228408, 1.05024, 0.0478969
MEM_MQUEUE, 1048576, 131072, 8, 21608.8, 21.5872, 0.291971, 0.185636, 0.10071, 19.1257, 0.199701, 1.92404, 0.0619751
MEM_MQUEUE, 1048576, 196608, 8, 22418.3, 22.3959, 0.281285, 0.373124, 0.383132, 19.1072, 0.222568, 2.78746, 0.0733725
MEM_MQUEUE, 1048576, 262144, 8, 23342.4, 23.3191, 0.348762, 0.724382, 0.747674, 19.1173, 0.235088, 3.66485, 0.0782278
MEM_MQUEUE, 1048576, 327680, 8, 24185.6, 24.1614, 0.355234, 1.30771, 0.98544, 19.1141, 0.237898, 4.53657, 0.0978243
MEM_MQUEUE, 1048576, 393216, 8, 25025.4, 25.0004, 0.309892, 1.78979, 1.14346, 19.0709, 0.24928, 5.46084, 0.124077
MEM_MQUEUE, 1048576, 458752, 8, 25911.6, 25.8857, 0.319664, 2.59696, 1.10665, 19.1459, 0.298153, 6.34967, 0.127461
MEM_MQUEUE, 1048576, 524288, 8, 26698.1, 26.6714, 0.425942, 3.04082, 1.15762, 19.2689, 0.42846, 7.31643, 0.206874
MEM_MQUEUE, 1048576, 589824, 8, 27396, 27.3687, 0.472977, 3.24174, 1.16028, 19.4508, 0.571696, 8.33219, 0.357334
MEM_MQUEUE, 1048576, 655360, 8, 28032.9, 28.0049, 0.566908, 3.36394, 0.98899, 19.882, 0.749446, 9.40035, 0.428054
MEM_MQUEUE, 1048576, 720896, 8, 28708.3, 28.6796, 0.742325, 3.25219, 1.12513, 20.3055, 0.845805, 10.5395, 0.477752
MEM_MQUEUE, 1048576, 786432, 8, 29254.9, 29.2257, 0.706229, 3.32319, 1.01835, 20.8237, 0.897307, 11.6353, 0.520234
MEM_MQUEUE, 1048576, 851968, 8, 29962.9, 29.933, 0.86671, 3.17552, 1.19232, 21.1811, 1.0934, 12.6552, 0.5456
MEM_MQUEUE, 1048576, 917504, 8, 30677.8, 30.6472, 1.05893, 3.00135, 1.34822, 21.5382, 1.37853, 13.6605, 0.615224
MEM_MQUEUE, 1048576, 983040, 8, 31473.9, 31.4425, 1.30536, 2.79378, 1.49891, 21.6875, 1.67699, 14.5815, 0.661394
MEM_MQUEUE, 1048576, 1048576, 8, 31799.9, 31.7681, 1.27394, 3.1146, 1.25662, 22.4328, 1.74434, 15.6568, 0.663703
MEM_MQUEUE, 1048576, 1114112, 8, 32580.6, 32.548, 1.60193, 2.97315, 1.30405, 22.5429, 2.06803, 16.4396, 0.696587
MEM_MQUEUE, 1048576, 1179648, 8, 32963.6, 32.9307, 1.67388, 3.18258, 1.04574, 23.2086, 2.1304, 17.5164, 0.684738
MEM_MQUEUE, 1048576, 1245184, 8, 33246.8, 33.2136, 1.48399, 3.51495, 0.553685, 24.0609, 1.96478, 18.7421, 0.615107
MEM_MQUEUE, 1048576, 1310720, 8, 33383.6, 33.3502, 0.767503, 3.61296, 0.304331, 25.3903, 1.0466, 20.1512, 0.33697
MEM_MQUEUE, 1048576, 1376256, 8, 33887.4, 33.8535, 1.13973, 3.56662, 0.438094, 25.6877, 1.49712, 21.068, 0.442373
MEM_MQUEUE, 1048576, 1441792, 8, 34513, 34.4785, 1.53251, 3.55212, 0.516158, 25.9126, 2.04937, 21.9945, 0.594843
MEM_MQUEUE, 1048576, 1507328, 8, 34974.3, 34.9394, 1.73183, 3.52925, 0.557701, 26.3753, 2.32235, 23.0318, 0.667392
MEM_MQUEUE, 1048576, 1572864, 8, 35356.9, 35.3216, 1.71903, 3.50052, 0.607085, 27.0201, 2.27092, 24.1296, 0.606355
MEM_MQUEUE, 1048576, 1638400, 8, 35956.2, 35.9203, 1.94495, 3.49031, 0.615454, 27.363, 2.57582, 25.1292, 0.632443
MEM_MQUEUE, 1048576, 1703936, 8, 36517.5, 36.481, 1.86592, 3.49505, 0.605031, 27.8046, 2.43812, 26.1295, 0.579639
MEM_MQUEUE, 1048576, 1769472, 8, 37043, 37.006, 1.95937, 3.4941, 0.636756, 28.3008, 2.49528, 27.1174, 0.604438
MEM_MQUEUE, 1048576, 1835008, 8, 37496.6, 37.4591, 2.04927, 3.45193, 0.697904, 28.8518, 2.57673, 28.1245, 0.568265
MEM_MQUEUE, 1048576, 1900544, 8, 38072.7, 38.0347, 1.99892, 3.50574, 0.57778, 29.2694, 2.48947, 29.0924, 0.563878
MEM_MQUEUE, 1048576, 1966080, 8, 38573.2, 38.5347, 1.9992, 3.48446, 0.585764, 29.7808, 2.52668, 30.0793, 0.590109
MEM_MQUEUE, 1048576, 2031616, 8, 39046, 39.007, 2.0597, 3.45882, 0.649153, 30.3048, 2.5874, 31.0595, 0.577768
MEM_MQUEUE, 1048576, 2097152, 8, 39643.4, 39.6038, 2.13595, 3.45499, 0.676251, 30.7277, 2.69725, 32.0209, 0.60641
MEM_MQUEUE, 1048576, 2162688, 8, 15974.9, 39.8376, 1.99137, 3.47579, 0.629337, 31.6343, 2.55548, 33.0868, 0.62369
MEM_MQUEUE, 1048576, 2228224, 8, 16171.3, 40.3275, 1.96104, 3.45211, 0.685991, 32.196, 2.48626, 34.0894, 0.610172
MEM_MQUEUE, 1048576, 2293760, 8, 16254.1, 40.5338, 1.76621, 3.32534, 0.839957, 33.0704, 2.27691, 35.1488, 0.597852
MEM_MQUEUE, 1048576, 2359296, 8, 16511.8, 41.1766, 1.85099, 3.41109, 0.736763, 33.3253, 2.43673, 36.0663, 0.570389
MEM_MQUEUE, 1048576, 2424832, 8, 16700.6, 41.6473, 1.8544, 3.38803, 0.758795, 33.8449, 2.38417, 37.0359, 0.571809
MEM_MQUEUE, 1048576, 2490368, 8, 16907.1, 42.1624, 1.77687, 3.40364, 0.714586, 34.4373, 2.26371, 38.0216, 0.50306
MEM_MQUEUE, 1048576, 2555904, 8, 17243.9, 43.0023, 2.22137, 3.40887, 0.705629, 34.6095, 2.87622, 39.017, 0.61933
MEM_MQUEUE, 1048576, 2621440, 8, 17392.5, 43.3728, 2.09204, 3.42003, 0.675675, 35.3012, 2.68904, 40.0418, 0.597992
MEM_MQUEUE, 1048576, 2686976, 8, 17579, 43.838, 1.92681, 3.34081, 0.818642, 35.9769, 2.51907, 41.0474, 0.602805
MEM_MQUEUE, 1048576, 2752512, 8, 17783.7, 44.3483, 1.90382, 3.39144, 0.734891, 36.5148, 2.40312, 42.0255, 0.507334
MEM_MQUEUE, 1048576, 2818048, 8, 18001.9, 44.8924, 1.88504, 3.34188, 0.812444, 37.065, 2.47974, 43.0053, 0.509355
MEM_MQUEUE, 1048576, 2883584, 8, 18262, 45.5411, 2.09427, 3.33057, 0.820647, 37.4571, 2.77808, 43.9551, 0.630598
MEM_MQUEUE, 1048576, 2949120, 8, 18351.6, 45.7645, 1.21053, 3.2431, 0.877745, 38.4697, 1.62583, 44.9409, 0.381853
MEM_MQUEUE, 1048576, 3014656, 8, 18660.2, 46.5341, 1.21348, 3.27752, 0.853641, 38.7286, 1.69269, 45.8574, 0.415836
MEM_MQUEUE, 1048576, 3080192, 8, 19017.9, 47.4263, 1.51722, 3.14566, 0.933652, 38.8262, 2.02678, 46.6768, 0.411525
MEM_MQUEUE, 1048576, 3145728, 8, 19322, 48.1844, 1.41211, 3.22603, 0.921333, 39.066, 1.92693, 47.5939, 0.449629

